3 0.610546875 0.5555555555555556 0.23046875 0.55
3 0.70859375 0.18888888888888888 0.0984375 0.08888888888888889
3 0.24609375 0.3819444444444445 0.109375 0.24166666666666667
3 0.6124999999999999 0.2895833333333333 0.04375 0.06527777777777778
3 0.6867187499999999 0.225 0.0671875 0.08888888888888889
0 0.164453125 0.3923611111111111 0.02890625 0.07083333333333333
0 0.36171875 0.22708333333333333 0.028125 0.04027777777777778
0 0.418359375 0.2277777777777778 0.02578125 0.03888888888888889
0 0.45546875000000003 0.23055555555555557 0.025 0.041666666666666664
0 0.488671875 0.22569444444444445 0.01640625 0.034722222222222224
0 0.548828125 0.2298611111111111 0.02265625 0.0375
0 0.802734375 0.4826388888888889 0.03515625 0.1125
0 0.740234375 0.38541666666666663 0.02421875 0.07361111111111111
3 0.617578125 0.5597222222222222 0.23046875 0.55
0 0.71953125 0.34097222222222223 0.0203125 0.06805555555555555
