3 0.541015625 0.3159722222222222 0.08828125 0.2791666666666667
3 0.65390625 0.22291666666666668 0.1015625 0.12361111111111112
3 0.690234375 0.5729166666666667 0.16171875 0.39861111111111114
3 0.19765625 0.18888888888888888 0.0390625 0.075
1 0.273046875 0.4458333333333333 0.08828125 0.14166666666666666
1 0.25390625 0.28888888888888886 0.0421875 0.08611111111111111
0 0.082421875 0.6263888888888889 0.06015625 0.15833333333333333
0 0.823828125 0.4958333333333333 0.03515625 0.10555555555555556
0 0.162890625 0.28055555555555556 0.01953125 0.05
0 0.13437500000000002 0.25902777777777775 0.0171875 0.04583333333333333
0 0.46171874999999996 0.2326388888888889 0.028125 0.043055555555555555
