3 0.53125 0.25833333333333336 0.0625 0.17777777777777778
3 0.248046875 0.22013888888888888 0.05390625 0.0875
3 0.20156249999999998 0.1736111111111111 0.053125 0.06666666666666667
3 0.623828125 0.3527777777777778 0.09453125 0.18888888888888888
3 0.7796875000000001 0.6534722222222222 0.19375 0.29583333333333334
0 0.08710937499999999 0.4743055555555556 0.03203125 0.11527777777777778
0 0.132421875 0.3826388888888889 0.02890625 0.0875
0 0.128125 0.2423611111111111 0.01875 0.04583333333333333
0 0.71171875 0.3347222222222222 0.0203125 0.075
0 0.703515625 0.29791666666666666 0.01484375 0.05694444444444444
