3 0.673828125 0.20763888888888887 0.09453125 0.09861111111111111
3 0.448046875 0.21458333333333332 0.07265625 0.0625
3 0.19218749999999998 0.18958333333333333 0.0578125 0.0875
1 0.569140625 0.2673611111111111 0.04453125 0.05138888888888889
3 0.5171875 0.3361111111111111 0.0625 0.13055555555555556
0 0.05546875 0.5055555555555555 0.0515625 0.125
0 0.15156250000000002 0.3020833333333333 0.0203125 0.06527777777777778
0 0.7718750000000001 0.42916666666666664 0.0296875 0.09444444444444444
0 0.72421875 0.375 0.01875 0.07777777777777778
0 0.350390625 0.22430555555555556 0.01171875 0.03194444444444444
2 0.8375 0.7701388888888889 0.2375 0.3763888888888889
2 0.6171875 0.26041666666666663 0.065625 0.14027777777777778
